2 0.325721 0.800000 0.439904 0.395181
2 0.475962 0.316867 0.153846 0.330120
2 0.457933 0.674699 0.213942 0.356627
2 0.650240 0.267470 0.204327 0.298795
2 0.320913 0.250602 0.069712 0.067470
2 0.169471 0.530120 0.189904 0.327711
2 0.752404 0.646988 0.370192 0.527711
0 0.106971 0.402410 0.064904 0.072289
1 0.418269 0.604819 0.120192 0.110843
1 0.625000 0.168675 0.072115 0.101205
1 0.683894 0.463855 0.146635 0.161446
1 0.320913 0.643373 0.108173 0.081928
1 0.312500 0.240964 0.033654 0.048193
1 0.471154 0.191566 0.057692 0.084337
