0 0.877404 0.269880 0.033654 0.033735
0 0.520433 0.318072 0.103365 0.091566
0 0.820913 0.051807 0.093750 0.060241
0 0.189904 0.040964 0.149038 0.081928
0 0.818510 0.219277 0.098558 0.062651
0 0.188702 0.238554 0.146635 0.096386
0 0.944712 0.267470 0.052885 0.038554
0 0.947115 0.012048 0.048077 0.024096
2 0.877404 0.280723 0.033654 0.055422
2 0.447115 0.636145 0.254808 0.722892
2 0.820913 0.040964 0.093750 0.081928
2 0.187500 0.040964 0.153846 0.081928
2 0.159856 0.546988 0.319712 0.713253
2 0.957933 0.469880 0.079327 0.443373
2 0.840144 0.593976 0.223558 0.807229
