2 0.362500 0.525000 0.150000 0.453125
2 0.088542 0.385156 0.064583 0.179688
2 0.275000 0.379688 0.066667 0.162500
2 0.127083 0.319531 0.033333 0.032813
2 0.334375 0.351562 0.056250 0.112500
2 0.659375 0.503906 0.135417 0.407812
2 0.129167 0.406250 0.054167 0.175000
0 0.395833 0.319531 0.070833 0.042187
0 0.129167 0.314063 0.029167 0.018750
0 0.277083 0.307031 0.025000 0.017187
0 0.637500 0.324219 0.079167 0.048438
0 0.335417 0.310156 0.045833 0.029688
0 0.140625 0.329688 0.035417 0.021875
0 0.327083 0.302344 0.029167 0.017187
0 0.341667 0.312500 0.037500 0.025000
0 0.089583 0.303125 0.029167 0.018750
