0 0.569375 0.509416 0.041250 0.039548
0 0.734375 0.568738 0.028750 0.026365
0 0.668750 0.532015 0.025000 0.032015
0 0.686875 0.500000 0.028750 0.035782
0 0.226250 0.549906 0.027500 0.030132
0 0.884375 0.519774 0.036250 0.033898
0 0.533750 0.534840 0.025000 0.030132
0 0.494375 0.546139 0.038750 0.041431
2 0.575000 0.612994 0.065000 0.246704
2 0.733750 0.755179 0.037500 0.139360
2 0.230625 0.680791 0.073750 0.288136
2 0.650000 0.715631 0.035000 0.267420
2 0.870625 0.682674 0.073750 0.359699
2 0.525625 0.599812 0.041250 0.160075
2 0.481875 0.625235 0.081250 0.199623
2 0.691875 0.678908 0.076250 0.389831
