2 0.650000 0.546122 0.087500 0.350105
2 0.301563 0.356394 0.084375 0.104822
2 0.785937 0.520964 0.109375 0.333333
2 0.108594 0.522013 0.020313 0.058700
2 0.020312 0.550314 0.031250 0.106918
2 0.899219 0.535639 0.142188 0.471698
2 0.052344 0.509434 0.017188 0.029350
1 0.019531 0.501048 0.010938 0.012579
1 0.110937 0.507338 0.015625 0.029350
1 0.051562 0.508386 0.015625 0.027254
0 0.653906 0.392034 0.035937 0.041929
0 0.898438 0.322851 0.046875 0.046122
0 0.307031 0.312369 0.026562 0.016771
0 0.779687 0.367925 0.034375 0.031447
