2 0.335449 0.781845 0.028320 0.120059
2 0.263672 0.796486 0.031250 0.096633
2 0.411133 0.678624 0.011719 0.071742
2 0.398926 0.779649 0.020508 0.106881
2 0.391602 0.713763 0.013672 0.036603
2 0.463379 0.782577 0.028320 0.103953
2 0.286621 0.759151 0.018555 0.106881
2 0.325195 0.718887 0.015625 0.064422
2 0.380371 0.778184 0.018555 0.112738
2 0.359375 0.667643 0.015625 0.058565
2 0.367676 0.680088 0.010742 0.074671
2 0.374512 0.720351 0.018555 0.058565
2 0.436523 0.786969 0.027344 0.103953
2 0.417480 0.781113 0.016602 0.109810
2 0.353516 0.781845 0.017578 0.108346
2 0.160645 0.817716 0.028320 0.062958
2 0.616699 0.745974 0.022461 0.101025
2 0.355469 0.717423 0.017578 0.052709
2 0.411621 0.726940 0.010742 0.021962
2 0.397949 0.676428 0.016602 0.073206
0 0.615723 0.700586 0.008789 0.010249
0 0.343262 0.728404 0.010742 0.013177
0 0.398438 0.732796 0.009766 0.013177
0 0.390137 0.701318 0.008789 0.011713
0 0.463379 0.737189 0.006836 0.013177
0 0.367188 0.647145 0.007812 0.011713
0 0.288574 0.712299 0.010742 0.013177
0 0.328613 0.692533 0.008789 0.011713
0 0.384766 0.728404 0.009766 0.013177
0 0.359375 0.644217 0.007812 0.011713
0 0.376465 0.698389 0.008789 0.014641
0 0.415527 0.732064 0.008789 0.014641
0 0.154297 0.795022 0.013672 0.017570
0 0.396484 0.644217 0.005859 0.008785
0 0.252930 0.756223 0.007812 0.016105
0 0.356934 0.696193 0.008789 0.013177
0 0.438965 0.740117 0.008789 0.013177
0 0.411621 0.722548 0.008789 0.013177
