2 0.550000 0.355000 0.069333 0.142000
2 0.498000 0.473000 0.080000 0.254000
2 0.652333 0.554000 0.083333 0.416000
2 0.563667 0.546500 0.066000 0.407000
2 0.603000 0.522000 0.056667 0.378000
2 0.224000 0.394500 0.056000 0.145000
2 0.380333 0.351500 0.048667 0.131000
2 0.343333 0.532000 0.088000 0.416000
2 0.695333 0.588500 0.028000 0.207000
2 0.272667 0.567000 0.114667 0.452000
2 0.464333 0.633500 0.026000 0.155000
2 0.165000 0.567000 0.139333 0.488000
2 0.790000 0.663500 0.054667 0.125000
2 0.857000 0.586000 0.142000 0.502000
2 0.484333 0.340000 0.028667 0.090000
2 0.418667 0.554500 0.092000 0.435000
2 0.639667 0.361500 0.030000 0.103000
2 0.744000 0.550500 0.106667 0.453000
0 0.809667 0.333000 0.038000 0.040000
0 0.553667 0.298000 0.027333 0.028000
0 0.496667 0.364000 0.032000 0.038000
0 0.657667 0.364000 0.034000 0.038000
0 0.561000 0.359500 0.031333 0.031000
0 0.602667 0.348500 0.029333 0.033000
0 0.164667 0.344500 0.046667 0.043000
0 0.383667 0.302000 0.028667 0.032000
0 0.338000 0.342500 0.034667 0.037000
0 0.748000 0.342500 0.037333 0.035000
0 0.454000 0.338500 0.029333 0.033000
0 0.269000 0.360500 0.040667 0.041000
0 0.857667 0.357000 0.046000 0.044000
0 0.218333 0.340000 0.036667 0.036000
0 0.484000 0.310500 0.028000 0.031000
0 0.422667 0.354500 0.033333 0.037000
0 0.708333 0.339500 0.032667 0.035000
0 0.640000 0.325500 0.029333 0.031000
