2 0.256010 0.838942 0.305288 0.317308
2 0.231971 0.396635 0.074519 0.355769
2 0.631010 0.503606 0.064904 0.338942
2 0.349760 0.322115 0.108173 0.230769
2 0.110577 0.495192 0.057692 0.254808
2 0.231971 0.318510 0.074519 0.199519
2 0.506010 0.403846 0.146635 0.375000
2 0.170673 0.474760 0.086538 0.401442
2 0.484375 0.181490 0.021635 0.088942
2 0.064904 0.236779 0.024038 0.031250
2 0.378606 0.210337 0.026442 0.117788
2 0.060096 0.456731 0.076923 0.403846
2 0.182692 0.263221 0.048077 0.074519
2 0.826923 0.460337 0.168269 0.430288
2 0.282452 0.496394 0.165865 0.358173
2 0.007212 0.312500 0.014423 0.149038
2 0.798077 0.810096 0.399038 0.264423
2 0.032452 0.265625 0.031250 0.079327
0 0.508413 0.241587 0.064904 0.050481
0 0.616587 0.354567 0.036058 0.045673
0 0.176683 0.293269 0.050481 0.038462
0 0.091346 0.247596 0.033654 0.028846
0 0.290865 0.348558 0.072115 0.067308
0 0.850962 0.290865 0.067308 0.091346
1 0.316106 0.245192 0.040865 0.076923
1 0.092548 0.260817 0.031250 0.055288
1 0.206731 0.239183 0.028846 0.045673
1 0.508413 0.263221 0.064904 0.093750
1 0.062500 0.283654 0.038462 0.062500
1 0.171875 0.248798 0.026442 0.045673
1 0.290865 0.364183 0.072115 0.098558
