2 0.789453 0.783333 0.022656 0.136111
2 0.579688 0.808333 0.042188 0.155556
2 0.080859 0.772222 0.028906 0.144444
2 0.239063 0.784028 0.012500 0.140278
2 0.062891 0.795833 0.057031 0.166667
2 0.992578 0.791667 0.013281 0.116667
2 0.050000 0.772222 0.014062 0.080556
2 0.769531 0.792361 0.026563 0.162500
2 0.254687 0.788889 0.042187 0.155556
2 0.557031 0.795833 0.029687 0.152778
2 0.041797 0.761806 0.027344 0.140278
1 0.786719 0.723611 0.009375 0.019444
1 0.576172 0.743056 0.013281 0.025000
1 0.080859 0.712500 0.013281 0.025000
1 0.059766 0.727778 0.013281 0.030556
1 0.994141 0.743056 0.010156 0.019444
1 0.251563 0.720139 0.012500 0.020833
1 0.241016 0.723611 0.008594 0.019444
1 0.566406 0.731250 0.012500 0.023611
1 0.762891 0.722222 0.010156 0.019444
1 0.049219 0.700694 0.010938 0.018056
